55
3.35103216e-26 1.50000000e+03 5.00000000e-01 0.00000000e+00
1.88442387e-25 0.00000000e+00 0.00000000e+00 0.00000000e+00
1.05968942e-24 0.00000000e+00 0.00000000e+00 0.00000000e+00
5.95907150e-24 0.00000000e+00 0.00000000e+00 0.00000000e+00
3.35103216e-23 1.55000000e+03 5.00000000e-03 4.50000000e+11
3.07410956e-23 0.00000000e+00 0.00000000e+00 0.00000000e+00
5.47873720e-23 0.00000000e+00 0.00000000e+00 0.00000000e+00
7.96198018e-23 0.00000000e+00 0.00000000e+00 0.00000000e+00
1.05959939e-22 0.00000000e+00 0.00000000e+00 0.00000000e+00
1.34155853e-22 0.00000000e+00 0.00000000e+00 0.00000000e+00
1.64459268e-22 0.00000000e+00 0.00000000e+00 0.00000000e+00
1.97093823e-22 0.00000000e+00 0.00000000e+00 0.00000000e+00
2.32280102e-22 0.00000000e+00 0.00000000e+00 0.00000000e+00
2.70247606e-22 0.00000000e+00 0.00000000e+00 0.00000000e+00
3.11241994e-22 0.00000000e+00 0.00000000e+00 0.00000000e+00
3.55530503e-22 0.00000000e+00 0.00000000e+00 0.00000000e+00
4.03406747e-22 0.00000000e+00 0.00000000e+00 0.00000000e+00
4.55195523e-22 0.00000000e+00 0.00000000e+00 0.00000000e+00
5.11257962e-22 0.00000000e+00 0.00000000e+00 0.00000000e+00
5.71997310e-22 0.00000000e+00 0.00000000e+00 0.00000000e+00
6.37865559e-22 0.00000000e+00 0.00000000e+00 0.00000000e+00
7.09371196e-22 0.00000000e+00 0.00000000e+00 0.00000000e+00
7.87088346e-22 0.00000000e+00 0.00000000e+00 0.00000000e+00
8.71667650e-22 0.00000000e+00 0.00000000e+00 0.00000000e+00
9.63849313e-22 0.00000000e+00 0.00000000e+00 0.00000000e+00
1.06447885e-21 0.00000000e+00 0.00000000e+00 0.00000000e+00
1.17452622e-21 0.00000000e+00 0.00000000e+00 0.00000000e+00
1.29510927e-21 0.00000000e+00 0.00000000e+00 0.00000000e+00
1.42752259e-21 0.00000000e+00 0.00000000e+00 0.00000000e+00
1.57327340e-21 0.00000000e+00 0.00000000e+00 0.00000000e+00
1.73412651e-21 0.00000000e+00 0.00000000e+00 0.00000000e+00
1.91216107e-21 0.00000000e+00 0.00000000e+00 0.00000000e+00
2.10984306e-21 0.00000000e+00 0.00000000e+00 0.00000000e+00
2.33011870e-21 0.00000000e+00 0.00000000e+00 0.00000000e+00
2.57653627e-21 0.00000000e+00 0.00000000e+00 0.00000000e+00
2.85340689e-21 0.00000000e+00 0.00000000e+00 0.00000000e+00
3.16601989e-21 0.00000000e+00 0.00000000e+00 0.00000000e+00
3.52093522e-21 0.00000000e+00 0.00000000e+00 0.00000000e+00
3.92638789e-21 0.00000000e+00 0.00000000e+00 0.00000000e+00
4.39285738e-21 0.00000000e+00 0.00000000e+00 0.00000000e+00
4.93388709e-21 0.00000000e+00 0.00000000e+00 0.00000000e+00
5.56729240e-21 0.00000000e+00 0.00000000e+00 0.00000000e+00
6.31699192e-21 0.00000000e+00 0.00000000e+00 0.00000000e+00
7.21587496e-21 0.00000000e+00 0.00000000e+00 0.00000000e+00
8.31046516e-21 0.00000000e+00 0.00000000e+00 0.00000000e+00
9.66885795e-21 0.00000000e+00 0.00000000e+00 0.00000000e+00
1.13949959e-20 0.00000000e+00 0.00000000e+00 0.00000000e+00
1.36561675e-20 0.00000000e+00 0.00000000e+00 0.00000000e+00
1.67408522e-20 0.00000000e+00 0.00000000e+00 0.00000000e+00
2.11955890e-20 0.00000000e+00 0.00000000e+00 0.00000000e+00
2.82075974e-20 0.00000000e+00 0.00000000e+00 0.00000000e+00
4.09927184e-20 0.00000000e+00 0.00000000e+00 0.00000000e+00
7.30580114e-20 0.00000000e+00 0.00000000e+00 0.00000000e+00
1.25456351e-17 0.00000000e+00 0.00000000e+00 0.00000000e+00
1.38001986e-17 0.00000000e+00 0.00000000e+00 0.00000000e+00
