50
1.74734257e-27 1.00000000e+03 5.00000000e-01
1.64231806e-26 1.00000000e+03 5.00000000e-01
3.04571954e-26 1.00000000e+03 5.00000000e-01
3.35103216e-26 1.00000000e+03 5.00000000e-01
4.56654583e-26 1.00000000e+03 5.00000000e-01
6.23568168e-26 1.00000000e+03 5.00000000e-01
8.07220949e-26 1.00000000e+03 5.00000000e-01
1.00930997e-25 1.00000000e+03 5.00000000e-01
1.23156313e-25 1.00000000e+03 5.00000000e-01
1.47583462e-25 1.00000000e+03 5.00000000e-01
1.74415921e-25 1.00000000e+03 5.00000000e-01
2.03879439e-25 1.00000000e+03 5.00000000e-01
2.36226041e-25 1.00000000e+03 5.00000000e-01
2.71738310e-25 1.00000000e+03 5.00000000e-01
3.10734204e-25 1.00000000e+03 5.00000000e-01
3.53572653e-25 1.00000000e+03 5.00000000e-01
4.00660138e-25 1.00000000e+03 5.00000000e-01
4.52458525e-25 1.00000000e+03 5.00000000e-01
5.09494441e-25 1.00000000e+03 5.00000000e-01
5.72370587e-25 1.00000000e+03 5.00000000e-01
6.41779465e-25 1.00000000e+03 5.00000000e-01
7.18520142e-25 1.00000000e+03 5.00000000e-01
8.03518873e-25 1.00000000e+03 5.00000000e-01
8.97854635e-25 1.00000000e+03 5.00000000e-01
1.00279100e-24 1.00000000e+03 5.00000000e-01
1.11981625e-24 1.00000000e+03 5.00000000e-01
1.25069428e-24 1.00000000e+03 5.00000000e-01
1.39752991e-24 1.00000000e+03 5.00000000e-01
1.56285341e-24 1.00000000e+03 5.00000000e-01
1.74973136e-24 1.00000000e+03 5.00000000e-01
1.96191363e-24 1.00000000e+03 5.00000000e-01
2.20403122e-24 1.00000000e+03 5.00000000e-01
2.48186650e-24 1.00000000e+03 5.00000000e-01
2.80272867e-24 1.00000000e+03 5.00000000e-01
3.17598561e-24 1.00000000e+03 5.00000000e-01
3.61383343e-24 1.00000000e+03 5.00000000e-01
4.13243777e-24 1.00000000e+03 5.00000000e-01
4.75367428e-24 1.00000000e+03 5.00000000e-01
5.50787104e-24 1.00000000e+03 5.00000000e-01
6.43829788e-24 1.00000000e+03 5.00000000e-01
7.60885835e-24 1.00000000e+03 5.00000000e-01
9.11801942e-24 1.00000000e+03 5.00000000e-01
1.11258354e-23 1.00000000e+03 5.00000000e-01
1.39112056e-23 1.00000000e+03 5.00000000e-01
1.80083223e-23 1.00000000e+03 5.00000000e-01
2.45906140e-23 1.00000000e+03 5.00000000e-01
3.35103216e-23 1.00000000e+03 5.00000000e-01
3.68695030e-23 1.00000000e+03 5.00000000e-01
6.83754070e-23 1.00000000e+03 5.00000000e-01
6.42656841e-22 1.00000000e+03 5.00000000e-01
